////////////////////////////////////////////////////////////////////////////////
B8:
{1, 2, 9}, {1, 4, 10}, {1, 6, 11}, {1, 8, 12}, {2, 3, 12}, {3, 4, 9}, {3, 6, 10}, {3, 8, 11}, {2, 5, 11}, {4, 5, 12}, {5, 6, 9}, {5, 8, 10}, {2, 7, 10}, {4, 7, 11}, {6, 7, 12}, {7, 8, 9}

start!
solution available!

[0,0,0,0,0,0,0,0,0,1,3,7,16,30,40,87,0,106,67,219,294,550,684,1209,0,1327,320,2139,770,3460,4233,6722]

tedad : 231131100

gerth = 20
m = 9890

FindSlop execution time: 2254.45 sec

////////////////////////////////////
////////////////////////////////////

start!
solution available!
[0,0,0,0,0,0,0,0,0,1,3,7,16,30,40,87,0,106,67,219,294,550,684,1209,0,1327,320,2112,910,3774,4275,7361]

tedad : 127484334

gerth = 20
m = 9880

FindSlop execution time: 1153.96 sec


////////////////////////////////////
////////////////////////////////////

start!
solution available!

[0,0,0,0,0,0,0,0,0,1,3,7,16,30,40,87,0,106,67,219,294,550,684,1209,0,1327,320,2139,1049,3859,4451,6665]

tedad : 330546068

gerth = 20
m = 9800

FindSlop execution time: 2830.41 sec


////////////////////////////////////
////////////////////////////////////


start!
solution available!

[0,0,0,0,0,0,0,0,0,1,3,7,16,30,40,87,0,106,67,219,294,550,684,1209,0,1327,329,2178,931,3639,3867,6942]

tedad : 829378222

gerth = 20
m = 9700

FindSlop execution time: 7123.68 sec



////////////////////////////////////
////////////////////////////////////


start!
solution available!
0 0 0 0 0 0 0 0 0 1 3 7 16 30 40 87 0 106 67 219 294 550 684 1209 0 1327 320 2033 910 3373 3853 7290

tedad : 2833340

gerth = 20
m = 200000

FindSlop execution time: 276.713 sec


////////////////////////////////////
////////////////////////////////////


start!
solution available!
0 0 0 0 0 0 0 0 0 1 3 7 16 30 40 87 0 106 67 219 294 550 684 1209 0 1327 320 2033 1029 3814 3390 6053

tedad : 87090468

gerth = 20
m = 9500

FindSlop execution time: 720.985 sec

#############
with bandwidth = 2
after more than 10315.39522932 sec running time , no answer
#############



############################
21.282  7.166  7.083  7.36  7.28  7.578  7.838  7.345  6.894  6.911  9.224  6.797  6.733  6.728  6.747  6.939  7.148  6.915  6.922  6.948  9.516  7.563  8.0137.309  7.376  7.683  7.255  7.247  7.367  7.307  9.713  7.132  7.056  7.157  7.34  7.226  7.203  7.664  8.26  7.494  9.757  7.138  7.808  7.189  7.269  7.317  7.252  7.285  7.307  7.331  9.891  7.068  7.15  7.067  7.156  7.128  7.245  7.19 7.292  7.229  10.058  6.999  6.974  7.023  7.061  7.049  7.073  7.105  7.211  9.056  9.413  6.931  7.055  7.045  7.094  7.075  7.181  7.5  7.678  8.672  10.492  7.549  7.524  7.361  7.4  7.741  7.731  7.599  7.473  7.517  10.263  7.146  7.29  7.464  7.794  7.415  7.736  8.096  7.684  7.385  14.026  7.378  7.305  7.188  7.316  7.22  7.341  7.277  7.577  7.356  10.238  7.265  7.215  7.228  7.435  7.818  8.011  7.83  7.566  7.737  9.886  7.129  7.361  7.526  7.464  7.437  7.513  8.3  7.732  7.624  10.73  7.685  7.908  7.518  7.669  7.686  8.039  7.743  7.721  7.834  10.185  7.475  7.636  7.757  7.737  7.956  7.596  7.327  7.673  7.349  10.421  7.138  7.291  7.924  7.319  7.423  7.411  7.451  7.685  7.463  10.122 7.893  7.359  7.634  8.253  7.524  7.456  7.197  7.377  7.246  10.27  7.175  7.698  7.28  7.253  7.655  7.19  7.201  7.42  7.437  9.895  7.116  7.31  7.183  7.199  7.343  7.548  7.729  7.432  7.51  9.827  7.15  7.215  7.669  8.499  8.7428.437  7.813  8.392  8.745  16.755  7.404  7.21  7.195  7.265  7.248  7.292  7.101  7.121  7.105  9.561  7.67  7.775  10.332  7.956  8.322  7.735  7.311  7.357 8.075  10.482  7.598  7.712  7.41  7.365  7.367  7.25  7.228  8.101  7.377  9.989  7.623  7.801  7.347  7.625  7.382  7.701  7.677  7.748  7.52  10.216  7.103 7.155  7.225  7.609  7.696  7.305  8.618  7.371  7.432  10.072  7.253  7.267  8.013  7.423  7.356  7.505  7.303  7.407  7.715  12.214  8.119  7.326  9.001  7.527  7.548  7.605  7.342  8.15  7.923  10.79  7.423  7.399  7.306  7.373  7.2837.312  7.702  8.284  8.469  10.375  7.636  7.65  7.666  7.996  7.959  8.623  10.672  10.023  7.828  10.333  8.148  11.204  9.896  8.137  8.107  7.571  7.532  7.471  7.693  13.772  7.137  8.316  7.723  7.457  8.962  7.013  7.049  7.039  7.181  9.501  6.871  6.912  6.991  6.983  7.035  7.011  7.089  7.244  8.427  9.4956.88  6.882  6.924  7.031  6.944  6.961  7.384  6.977  6.991  9.496  6.854  6.859  6.916  6.955  6.958  7.217  7.34  7.073  7.074  9.358
bandwidth = 10

solution available!
0 0 0 0 0 0 0 0 0 1 3 7 16 30 40 87 0 106 67 219 294 550 684 1209 0 1327 320 2033 1029 3814 3390 6053

tedad : 289577828

gerth = 20
m = 9500

FindSlop execution time: 2675.19 sec
############################



////////////////////////////////////
////////////////////////////////////



0,0,0,0,0,0,0,0,0,1,3,7,16,30,40,87,0,106,67,219,294,550,684,1209,0,1327,469,2223,1070,3784,3228,7327

tedad : -2136309102

gerth = 20
m = 9300

FindSlop execution time: 18853.7 sec


////////////////////////////////////
////////////////////////////////////


solution available!
0,0,0,0,0,0,0,0,0,1,3,7,16,30,40,87,0,106,67,219,294,550,684,1209,0,1402,469,2354,823,3668,4162,7136

tedad : 1173369974

gerth = 20
m = 9110

FindSlop execution time: 49132.2 sec

////////////////////////////////////
////////////////////////////////////


solution available!
0,0,0,0,0,0,0,0,0,1,3,7,16,30,40,87,0,106,67,219,294,550,684,1209,0,1327,517,1634,1196,3381,3119,6009

tedad : 824645348

gerth = 20
m = 8980

FindSlop execution time: 7698.21 sec // after several times

bandwidth = 6

////////////////////////////////////
////////////////////////////////////

solution available!

0,0,0,0,0,0,0,0,0,1,3,7,16,30,40,87,0,106,67,219,294,550,684,1209,0,1327,652,2380,1471,4935,4587,2521

tedad : 1472845234

gerth = 20
m = 8780

FindSlop execution time: 37708.2 sec // after several times

bandwidth = 9

////////////////////////////////////
////////////////////////////////////

solution available!

0,0,0,0,0,0,0,0,0,1,3,7,16,30,40,87,0,106,67,219,294,550,684,1209,0,1402,574,1809,1286,3254,3961,5427

tedad : -980889028

gerth = 20
m = 8580

FindSlop execution time: 20424.5 sec // after several times

bandwidth = 9

////////////////////////////////////
////////////////////////////////////